116.36140764429359 39.91468217048843
116.36073771225168 39.91607543888698
116.36263009755338 39.91570320038976
116.36288128511464 39.917455757041935
116.36043891886624 39.913631829055205
116.36417692971231 39.916382202225456
116.3626763990567 39.91316846432583
116.3586742329506 39.91658653430726
116.36062891210753 39.9182095438557
116.3640971415837 39.918009173613996
116.36358737141742 39.91535838057054
116.3609115284057 39.91215307476636
116.36183769945679 39.91932783570123
116.3591175993191 39.91776483640612
116.36379760328035 39.914122175941344
116.36564023088552 39.91567285625396
116.36613340341736 39.914198436709114
116.3624090853389 39.91202159621833
116.36356271077008 39.92007847648456
116.3633394678364 39.91879159894259
116.36040634061898 39.9192573368221
116.36680255562213 39.914966624379105
116.36526834218614 39.91796569957455
116.36672683738374 39.91652035421628
116.35745902555539 39.91589215676841
116.36008098694154 39.92062921278668
116.35927276209065 39.91937790537691
116.36491767326086 39.921517125660216
116.35774088967547 39.91746296094071
116.36214024369417 39.92086488572776
116.36481494899219 39.91920878441777
116.36174097101764 39.91012105680496
116.3647263545175 39.913275927553826
116.36610619494114 39.912219799111845
116.3590355891363 39.91424748163869
116.35570693594593 39.91799427878358
116.35916189782569 39.921398958241824
116.35922364780045 39.9118101738711
116.36662940387119 39.91987690324372
116.36140012937426 39.91701775285361
116.35794483792426 39.914363506170766
116.35632817567782 39.915129727479616
116.35676240827358 39.916936434198874
116.3667333981134 39.91883416956408
116.3573167367285 39.918886353268235
116.36343776732085 39.921203613866076
116.36812326446223 39.916392462589364
116.35762593849878 39.92097940719839
116.3567507737885 39.91382066254396
116.35583089239546 39.920910188722175
116.36338056125271 39.90994214274772
116.3678392134806 39.91815285992165
116.3651604587621 39.911727613639684
116.36385955645304 39.91240993055392
116.35781546267138 39.91200886181358
116.35941171880175 39.913023633507734
116.36531759154688 39.92044527932251
116.36703458330031 39.92119379404632
116.36770749434542 39.91936371095991
116.36030674847906 39.91002218666096
116.36708870253584 39.91322748546016
116.36157091280357 39.90850754548702
116.35880333466957 39.91052769160881
116.36011701285709 39.90903491898465
116.36253080785087 39.91463292493377
116.35525038312517 39.916121292267114
116.35570080272095 39.911896592918076
116.35565468158057 39.91319418169863
116.35903979994026 39.909004911915574
116.35580579805101 39.91920470892177
116.35825298720961 39.90794388646491
116.36339923993526 39.91121989947999
116.35785946476986 39.90645106765167
116.3571117921773 39.910146098622036
116.35678259588356 39.90923386438269
116.36007409473918 39.90750127852951
116.35383797273485 39.9106438416837
116.35210773433572 39.911790690193506
116.36111536306463 39.906971187712124
116.36513417057402 39.90972863807757
116.35433219512639 39.9165563243771
116.3668175677703 39.91150597338312
116.35770460359718 39.904919195344284
116.36735319170329 39.9100309694854
116.35541569942677 39.914549725125035
116.36503414300846 39.914371016343416
116.35377559825898 39.91419501262048
116.35336875095898 39.912948892468364
116.36667585159364 39.908796534821455
116.3662951630965 39.91067023083278
116.35554585688949 39.909655216832626
116.35257360870736 39.914128850673976
116.36257299400944 39.906935805530466
116.3544439403376 39.91159076244624
116.36278903021238 39.90877349430391
116.3567244710435 39.90685563173924
116.36018330632632 39.90600910049422
116.36096316915187 39.921367642057575
116.36492083515681 39.90791073267509
116.36474691325034 39.90642088657743
116.35969261418047 39.90448686499725
116.35309362982963 39.91590264609414
116.3519021213493 39.91649991218312
116.3548644772761 39.90855536867265
116.35418771893815 39.91804096773366
116.35231562773522 39.91783961630904
116.35297421207048 39.919061488605976
116.35347108433973 39.908782600952314
116.35328435737013 39.91741582162287
116.36590862137271 39.90709816332801
116.3675613122437 39.90775881283359
116.35548313877202 39.90724407637164
116.35618663265382 39.90808749914518
116.35447799274128 39.90573094356797
116.35528759297496 39.90390634792097
116.35635209884933 39.90589075110487
116.35889317524446 39.90537854584373
116.35439677098684 39.919881478558935
116.35235898594173 39.90997398120533
116.35824563371456 39.9199496391809
116.35605224328478 39.91078634994745
116.36316176905798 39.90555480028102
116.35699193344823 39.90389951393576
116.36368673107512 39.90742656163051
116.35730177714285 39.90243914424016
116.35311658252733 39.90750246592618
116.35215084782786 39.915481765613805
116.35338345011796 39.904217258360795
116.36152127174581 39.9051153957369
116.35197566486778 39.913079985051574
116.35674474910319 39.92039962187522
116.36379815790062 39.90420224960521
116.36075373840944 39.90328796658421
116.35438466051694 39.91326568288832
116.3587681150918 39.90328874986337
116.36815822375247 39.906609020786256
116.36220938708263 39.904005028090374
116.36672129989873 39.905404624610995
116.35288063069973 39.90585116619783
116.3603707046554 39.902572847227994
116.35215334152197 39.90780392273259
116.36467601459134 39.9033380057627
116.36036247998149 39.900866773085816
116.36411812194116 39.90897517070704
116.3619105244022 39.90280443337318
116.35192034220468 39.92015927130012
116.35200448094979 39.90396262056204
116.35419174593662 39.92150081467753
116.36540664281674 39.90227468178303
116.36680928149885 39.902159551581676
116.36673375882576 39.90341851615738
116.36798322452104 39.905412120989354
116.35421999984094 39.903230282687595
116.35566160275484 39.901745823235004
116.35315227170545 39.90298239023734
116.35277136115333 39.92121073966048
116.3656016975124 39.90446661613696
116.36317799882282 39.9030340513188
116.35862333190134 39.90191913793626
116.3629466010813 39.9012895021297
116.3640905859942 39.90175815066411
116.35912221917809 39.90092166155393
116.36445347977694 39.905366386491316
116.35753883412465 39.900558361447295
116.36810668160531 39.912114525591846
116.36565380478673 39.900831675669885
116.36173104121329 39.901231393249056
116.35638760679889 39.90452772845729
116.3585572328857 39.89959622734478
116.35607761838274 39.90036906083125
116.35419471835533 39.900752167622386
116.36448583139338 39.900206103620604
116.36227481668372 39.89983914945875
116.35604075694985 39.902847591138126
116.36815464090625 39.90373218123729
116.36707862286312 39.900302535197234
116.35248841607292 39.90081187154756
116.35367504017975 39.89998795082827
116.35176956401384 39.90210128354295
116.35450983843916 39.902143585313176
116.35979777678277 39.89969249621913
116.36106306551682 39.89978135456575
116.3549549482703 39.89980839374202
116.363702560969 39.899575554388946
