116.35239360178123 39.90616560954461
116.35330018587646 39.90525510866097
116.35434619136149 39.90418144989031
116.35629088594855 39.90430644856884
116.35321394731238 39.903111931464345
116.35503136647002 39.90606260948298
116.35344380398551 39.90710086955849
116.35239876888642 39.90143432854229
116.35218204176873 39.90499253515411
116.35224676675709 39.90778041583646
116.3538490623665 39.90150403876275
116.35561256671967 39.90343584095197
116.35430387938946 39.9028888003736
116.35649954067411 39.9056063935532
116.35817763257162 39.904253589973436
116.35213211882908 39.90888949849724
116.35205200117122 39.90010538851391
116.35510830184325 39.90736500076775
116.35198947301906 39.902905785289775
116.35324504933612 39.90042048762981
116.35514134458151 39.90484616447583
116.35270350725297 39.904099998396646
116.35464201121682 39.900022544198855
116.35527069107903 39.901817238294576
116.3566951339405 39.902564469703506
116.3540241389377 39.9062605489169
116.3569782890641 39.90357022036663
116.35310929200057 39.9092805621754
116.35343738979068 39.908237351842814
116.35471941686869 39.90857096858725
116.35612366864639 39.908620507259876
116.35382662283254 39.91017895760166
116.35787733882901 39.9023518436016
116.3594418328601 39.9055862983052
116.35488860573419 39.91018113075177
116.35731760568395 39.908196064144946
116.35612453811035 39.909744461189945
116.35725722970093 39.90973614965669
116.3587110151537 39.90322935583313
116.35629170530376 39.90732533518182
116.35730348719513 39.904783822165584
116.35808799754622 39.90553327257589
116.35807465090835 39.90683853222298
116.358845669769 39.91064167380796
116.35984875456016 39.904681939601026
116.36034864030799 39.903436656755545
116.35943534675226 39.902420837456006
116.36216207404969 39.90298940936704
116.3591770554931 39.90945650739149
116.36121876881859 39.90599738124425
116.36078459446718 39.90156564454273
116.3616363600462 39.90439990403503
116.35582028553921 39.91120638565861
116.35701512324856 39.910760811604696
116.36089395128413 39.90038960783889
116.35323766282349 39.91127835269384
116.35973886197903 39.90683239507238
116.36096449287133 39.90840098690252
116.35867211992307 39.91177244159403
116.35616146684377 39.90137058946024
116.35626695966438 39.912765132601706
116.3574158459636 39.90133627707355
116.3519845776759 39.90991285397317
116.35851714837348 39.907826376441335
116.35834235604824 39.90081710502678
116.35472410229993 39.91141891151371
116.35184730768762 39.91107513785869
116.35649032438286 39.90039080079094
116.36251189643438 39.90189597524897
116.3623603532888 39.90073008696505
116.36173775095178 39.90925132118931
116.35953424076718 39.90820146382381
116.35300572126042 39.91255388617316
116.3593792762429 39.90116824667011
116.35815851401628 39.90914285704056
116.36360836859785 39.901226408617745
116.36360581173957 39.900204574287784
116.3620978444341 39.90545080374905
116.36126130008422 39.90700336891365
116.3605041960862 39.91010576134418
116.36201502601419 39.90779690065381
116.36320693672741 39.90905956517311
116.35994109207986 39.91104406000828
116.3625655843912 39.9063487213082
116.36362292190373 39.9067977635293
116.35189457557179 39.91251294015352
116.35229947166415 39.91422246914857
116.36272872313579 39.90392817403739
116.35792511906621 39.89980698215982
116.36516591737688 39.90048039530975
116.35774499947692 39.91241509289534
116.36438563575607 39.90374805408849
116.35523811454013 39.91252486498295
116.35595114361321 39.914042075961085
116.363439870395 39.904967851131836
116.35952105719848 39.89977211506162
116.36304255060789 39.907589968634035
116.3595497931356 39.91239406058751
116.35391779967387 39.91308512055416
116.35842739267213 39.91321792173987
116.36110654645775 39.90271418207874
116.35446945596738 39.91393902930377
116.36327509071647 39.90279235786105
116.36152097091298 39.91028724309361
116.36494203679705 39.902043736790326
116.35761499117014 39.914117733650684
116.35667326714106 39.91179434303129
116.36137506416894 39.91195134673751
116.35535286519281 39.91486898634369
116.36502000362232 39.908004457076224
116.36488457811848 39.90639456268901
116.35826417394482 39.91505382607046
116.35315910835467 39.9148866858433
116.3642157878789 39.90865383240333
116.36062004527484 39.91321006003769
116.35634982443003 39.91532702784588
116.35442609071762 39.915285171074444
116.3625504896072 39.91007930157994
116.36629121417806 39.9021054153315
116.35528297253622 39.915989478242814
116.3646688439015 39.90539251320933
116.36568145499753 39.90334437942189
116.35327542540544 39.916464909243416
116.35908984511327 39.914354498339684
116.35218674279996 39.91561241419151
116.36671437220876 39.90003187088206
116.36251238675203 39.91143498410809
116.36623589927031 39.90431724513412
116.36728095320139 39.902741274051394
116.36603538097306 39.900986715340196
116.3520747480991 39.91720933892183
116.35432657833566 39.9176456398936
116.36047129352995 39.91499625887707
116.35343893336453 39.91855697570718
116.36782216548478 39.90132515081057
116.35604434159845 39.91758762809436
116.3659890995837 39.90608501539467
116.35953029600056 39.91591454662861
116.35566241137258 39.919119486547714
116.35430613744548 39.9162909601699
116.36803425318192 39.899865912981575
116.35214900427123 39.91822437657352
116.35704009483676 39.916182608649194
116.36052445842247 39.91707841410828
116.36730252992864 39.90695499953588
116.36394096230397 39.90977163344897
116.35821795245788 39.91690041358887
116.3654709932169 39.90935345004427
116.36688205972922 39.90556638827055
116.3622637391341 39.91500859770526
116.36673792207671 39.91024122133063
116.363427970276 39.91231526446237
116.35281066489293 39.91984506084926
116.36791940820919 39.904088913462815
116.36647338910963 39.90885271255301
116.36614112443542 39.911136384381194
116.36630510819991 39.90735034369325
116.35316852369957 39.91754291478082
116.36717507812261 39.90795149199485
116.36802694224846 39.90583674011998
116.36148633119672 39.91635658124745
116.36519907261432 39.91045379973272
116.36162601913145 39.918117075751766
116.36389266543918 39.91084799693031
116.3636973443874 39.914967791807065
116.36282298201279 39.91624962298122
116.3592099041324 39.91712020385814
116.36261687206223 39.91312112221972
116.35653507381423 39.9184970967614
116.36521925747174 39.911885338731196
116.35799003503898 39.91825406931741
116.35713629446711 39.917479701997635
116.3678940902667 39.909548272231454
116.3614469892786 39.91383381772292
116.36751343814414 39.912062289699925
116.36783351472228 39.91108918181985
116.36179845441731 39.91944332448492
116.35780121296665 39.919810004551195
116.3586400224428 39.91910099291496
116.36446254847694 39.91373376330745
116.35187874439858 39.91929047134097
116.36506790927903 39.91509428981208
116.35649159697181 39.92000036724519
116.36331216801773 39.91400923596239
116.35982739151443 39.91850488104116
116.35994805074026 39.920554270808694
116.35494786357258 39.9210739135074
116.36603000982741 39.91297066710781
116.36421385195668 39.91726553543999
116.3642690735282 39.915937158088425
116.35460290293592 39.91932718026605
116.36663297683148 39.91554872845391
116.36631560015132 39.914082103860544
116.3678620251002 39.91312460503783
116.3574924019687 39.921082010892526
116.35633159075266 39.92191054400727
116.35880979412941 39.920281111372574
116.36046843976264 39.91961963241873
116.35242531228367 39.920924201601615
116.36196158168583 39.920733919594326
116.35397533456316 39.92039661943272
116.3654139436627 39.91702185329653
116.36306142509457 39.917710368119344
116.35906574748272 39.921788486198196
116.3628703186567 39.91955279658726
116.36050454908192 39.92159334584607
116.36367508911562 39.91854758174344
116.36411152073757 39.920483839444735
116.3676810147372 39.914132868730604
116.36690204906233 39.91667555620072
116.36668216000243 39.91812005922421
116.36224975489833 39.92226700564857
116.36294474663562 39.92147827765813
116.35802840639374 39.922201054381965
116.36798574930937 39.91626821549369
116.36811440084665 39.915236029402756
116.36571898188107 39.918541818697484
116.3640603548414 39.922300325075895
116.36474882850646 39.91913736278239
116.36586713524608 39.91992526084493
116.35527509851504 39.92008827796541
116.3681112982253 39.91726426749891
116.36741662301458 39.91965620594746
116.36599319494445 39.921031192835656
116.36497829277644 39.92184437864065
116.35467219505293 39.922099661123625
116.3677961871143 39.91850820470168
116.3559677978088 39.92095053936047
116.35388130407055 39.921400842699256
116.3555031263204 39.90060333838929
116.35211619565328 39.92190278598146
116.35311599715257 39.922141506252345
116.36476784257232 39.91810657979611
116.36624699417048 39.92204100142317
116.36778966296949 39.92147018764706