116.36469567466578 39.913375241761116
116.36249545741771 39.91368291833344
116.3633338267915 39.91479609108971
116.36292309611393 39.912445694679064
116.36098793039919 39.914944089161494
116.36192986499596 39.915715863003285
116.36187717036702 39.91733742830911
116.36470212826131 39.91540202739966
116.36377727045345 39.9167728304989
116.35988154297618 39.91672839667029
116.36486467663181 39.91103280917569
116.36671704643148 39.91304766668162
116.36471769428165 39.90943879749868
116.36602745004583 39.91059526724996
116.36429665753907 39.918294051933216
116.36302558967706 39.909882941909736
116.36245784488439 39.91932602902256
116.36624630927875 39.91493426143095
116.36704149764552 39.911284309651194
116.36559432583482 39.91707533980417
116.3654314042561 39.9123249072974
116.36563276530967 39.91957889021654
116.36592845723007 39.90931977078246
116.36208475669281 39.911422611488526
116.36405783067373 39.92029426868845
116.36754749238581 39.91773187755359
116.36152617248914 39.9184964680142
116.36306309898909 39.92115586732254
116.35940695410235 39.917997006002274
116.360285760985 39.91894381856226
116.35985090441773 39.92023708429797
116.36798329595048 39.90928306172779
116.36146372985442 39.92102743560228
116.35987260554343 39.92179516031806
116.35875129083895 39.916516460670756
116.3643894401383 39.921698200236584
116.36675988755418 39.91600332751008
116.36741464171845 39.90755187720145
116.36032613071761 39.91206404685485
116.35714632635968 39.916526536024406
116.36364779158332 39.91146112007232
116.36745842780303 39.91495760563454
116.35822682320776 39.917828703206766
116.36623948147121 39.907955913187216
116.35827187238358 39.92014006284968
116.36641296191813 39.9181590019109
116.36699039089845 39.91992701761864
116.35769918892724 39.915599741931054
116.35717874322896 39.92138441590691
116.36274589041471 39.9084820693188
116.36797250306185 39.91660972113907
116.36059388196914 39.91030885398191
116.36150284200423 39.90816017093927
116.36098490807446 39.90710953625513
116.36644392926343 39.92124494860814
116.35805870631145 39.91400817591344
116.3648642965719 39.90795094404885
116.36539079811679 39.920888413006
116.35601450969133 39.91547968481671
116.36773032521468 39.913820423994295
116.36396473822016 39.90701450110308
116.35884955345949 39.914981844187636
116.35608410483863 39.917630055760426
116.35968956651797 39.90720537951128
116.36460049251964 39.905357138462215
116.35972888447445 39.90972859532973
116.35907884384187 39.911214694591806
116.36011534037698 39.9085786933329
116.35941021739711 39.913628400709854
116.36115049157564 39.913217343196095
116.3560843088964 39.91926442100592
116.35638104868613 39.91361994615829
116.35767602750583 39.90936878866013
116.35578569272448 39.92074918882585
116.35851183419209 39.90796476943523
116.3584965585526 39.90618801579016
116.35694402098102 39.90739106725825
116.36362070183871 39.905124874779744
116.36676813230099 39.906362696592744
116.36225757481098 39.90300590302443
116.36573413744614 39.90661110536452
116.35894562357682 39.90461764883294
116.3604161700109 39.90515576374806
116.3553893443763 39.912716099257445
116.3603458876546 39.90310253679884
116.35423813582723 39.91880458164796
116.36780446094569 39.90455338581768
116.36180675976087 39.90446931431341
116.35427925174217 39.92056410122566
116.36476301828723 39.90393474559792
116.35694729794601 39.911859813140055
116.35324257684502 39.91771514088765
116.35878867295318 39.91251629889391
116.36651442463709 39.90441020015634
116.36245189081053 39.906918974805045
116.36128933545756 39.90137922261583
116.35729088652216 39.91887539590707
116.35649406502023 39.90905899114278
116.35893943314571 39.91899669368038
116.35434664935379 39.92153558661045
116.35680502859178 39.905675959621355
116.35487331294443 39.90729291978308
116.35246331608943 39.920941987716034
116.35567085113804 39.91008192025208
116.36754896388749 39.9031360831205
116.36735168093543 39.901854471123954
116.35722008590102 39.91053599811153
116.3531394188684 39.91997625363652
116.35497132934108 39.91740233357883
116.36449401058705 39.902216003307466
116.35870015329114 39.92125741065435
116.35751211916141 39.90489044875359
116.35475855813695 39.914781614382946
116.36789528832455 39.921583083240584
116.35703929578477 39.912994048254426
116.35229287125613 39.91868951984944
116.35420501723752 39.91319524375173
116.35379501819308 39.91573564238068
116.36504988432378 39.90044813829559
116.36169930899183 39.90589522317812
116.36360994988947 39.89979711462557
116.35512906013109 39.911523507050156
116.35297744870235 39.9105414140636
116.36314690336025 39.901381944187385
116.36640579867493 39.89993303400939
116.36600868595423 39.90275424892309
116.35850329993866 39.90213472251414
116.356613347786 39.90379015286145
116.35431796313813 39.90895307385452
116.36570760010817 39.90159870797989
116.35481048514514 39.904194424536755
116.35395228071985 39.91172054255541
116.3550514415106 39.91595461028422
116.35208236861786 39.91263800478376
116.35914565847709 39.90311249282156
116.35729597464294 39.902732258796895
116.35232581183797 39.914329642286006
116.3578750888142 39.90096579323817
116.35366683239704 39.90686151421147
116.35218499898599 39.909517775235706
116.35440979194541 39.909973811509595
116.35255986680053 39.91652902312275
116.35635653637226 39.901252024734795
116.35975406914055 39.90192620418293
116.355079339885 39.905932677852505
116.35302662749353 39.908291608708744
116.35197942407774 39.911376730956206
116.35347660620987 39.91418465332615
116.35940005251616 39.89993136729937
116.36770335000337 39.90086065909592
116.36169770424891 39.89996940374505
116.3527939706011 39.905999335544834
116.36375535268762 39.903582635590425
116.35666430926128 39.90013877424192
116.3519683868109 39.907926195547795
116.35531243054594 39.90293992885173
116.3533896047936 39.90482095052038
116.3537198461719 39.90347472695387
116.36048413759598 39.900602379521445
116.35205606356494 39.90379510879642
116.35449717253758 39.90193447007304
116.3529351567659 39.90202100211202
116.35519598770335 39.90033487852196
116.35339086030385 39.90070820737992