116.35592354683017 39.919450053939094
116.3557701049427 39.91829094101652
116.35496458717496 39.91633419022864
116.35444829398138 39.91894660021796
116.35513140787923 39.91489876722734
116.35634739309606 39.91685417511945
116.35794007390567 39.91678526337117
116.35375400225031 39.9183607365081
116.35695559383004 39.9178808201706
116.35401702097576 39.91375834168428
116.35242077760306 39.912896784289934
116.3534349912494 39.92115386596322
116.35260538003956 39.91727615511598
116.35592176825955 39.915701475252256
116.35334039106371 39.919721367333416
116.35394241317063 39.916229678293156
116.35544540309021 39.91387196029416
116.35790924901873 39.91494334605043
116.35232954404937 39.9188408401349
116.35318467530134 39.915329514983355
116.35479984938426 39.91752511184134
116.3537265497967 39.91220562366195
116.35192567826442 39.92113801398293
116.35253049562922 39.91168872801727
116.35556164677503 39.92083909256192
116.35209434811341 39.91618641166438
116.35221049447938 39.91407480963671
116.35911250098661 39.91726841740391
116.35681064940059 39.91994475324321
116.35904768718949 39.91874957045579
116.36060048432866 39.91877981625801
116.35601798763484 39.91247564538789
116.35684330028485 39.91373750944929
116.36311602028943 39.918479317954414
116.35790891498044 39.919307882513074
116.36063098798294 39.91676954176794
116.35830933893384 39.921462353030336
116.36275756501615 39.91620077026184
116.3571548818379 39.91211178286279
116.36015466192183 39.91581594591231
116.35980450615462 39.91965289029253
116.35942749050706 39.91455712637219
116.3586881913829 39.913631442281975
116.36128508953652 39.91427512849887
116.35539180560724 39.9107513303607
116.3543462995825 39.91037623991257
116.35952130979604 39.921928391175825
116.35288886274662 39.90940453871295
116.36283737986555 39.91447682512118
116.35947979324499 39.92072621640194
116.35445810211336 39.92205577708341
116.35578444160168 39.921927688278686
116.36445370927594 39.914691839794955
116.35788252590915 39.911021248083514
116.3547235507339 39.90838969970763
116.36209397112043 39.91747892712438
116.35681530976326 39.92140625838103
116.35576320569136 39.90955145156265
116.36121806713763 39.92044390799887
116.36394525691719 39.917772975621986
116.36177976153502 39.92176108799825
116.3641358915813 39.91590404707736
116.35484548087447 39.91193765053288
116.36239635997386 39.920809162902444
116.36085804679875 39.91316361807173
116.35983480179769 39.91247136508052
116.35841539208774 39.91213588038991
116.36612990386685 39.91442046370152
116.36149032626119 39.91569987528158
116.3519390326594 39.91028180066118
116.35862504980352 39.916070321690086
116.36153028788071 39.91217409212877
116.3570064605727 39.90997303953885
116.36507312715375 39.912592366498856
116.3652856615249 39.9170770987469
116.36525654510834 39.91115087860359
116.36708401017758 39.91282458209273
116.36657338255273 39.915854831123525
116.36064327960824 39.92161221183791
116.3622197849103 39.913389827177085
116.36267506674261 39.9108448463602
116.36184097683149 39.91914324183019
116.36128513804957 39.910056587117104
116.35861803362579 39.91001321159111
116.36831793231022 39.91112103696557
116.35903020065375 39.90833922502045
116.3652024305907 39.91900850306436
116.35678895839234 39.90862993960805
116.35997831913492 39.90990469689817
116.3674934076273 39.909649889503434
116.3537751852189 39.90805982413068
116.363998644413 39.9127152805973
116.36259593192611 39.90952428249902
116.3672430357709 39.91740290828072
116.3685176756072 39.914354796946704
116.36010310885534 39.91144638979132
116.35900030178021 39.91121541027436
116.35262529085018 39.90726807042915
116.36825665745047 39.90887311458463
116.3669201556453 39.91941191106161
116.3641808318808 39.91944078309698
116.35578047851922 39.907258382206344
116.35465436590398 39.905640267320905
116.36821075340178 39.91822108718735
116.36603322378761 39.909666497751985
116.3653364993409 39.9203850508689
116.36236903356038 39.908214619255254
116.36413821464525 39.91056949563701
116.36383794082442 39.909099169022625
116.36764556472663 39.916480573591976
116.36504163680412 39.908782202186956
116.35194236792822 39.905968382428085
116.3638697312236 39.92077468241868
116.36706939251893 39.907849245239575
116.36404547457147 39.911523895283075
116.36030353636663 39.90888779750732
116.36393912607706 39.90689602055615
116.36264034498583 39.90735627412303
116.36541162898534 39.9156678020344
116.36807967971478 39.906833903469014
116.36689216897298 39.91088841650247
116.35981655745339 39.90658769583616
116.35263393322784 39.90501164145865
116.36324654047978 39.90546401878845
116.35670330320879 39.90602808351338
116.35835918084649 39.9072389989913
116.36632894238367 39.92179347642293
116.36638646297226 39.91192541363057
116.35196551741248 39.90839531361714
116.36534273162879 39.907184424485294
116.36645667998089 39.9182274754404
116.36425635868898 39.921867306244955
116.3538289620662 39.90696898249903
116.35710006465787 39.90705980516738
116.36286401911396 39.92180576940507
116.36852605892169 39.91983791021866
116.36810627288413 39.92193633926993
116.36733759597841 39.920493588614725
116.36085910716949 39.9070289464429
116.35789553434827 39.90563070053849
116.35946026221565 39.90527988337836
116.35514053023778 39.90454791689778
116.35246337539756 39.90288659626108
116.35722825852976 39.903899199154274
116.36736048467506 39.914260295772365
116.35875471309062 39.90463638137433
116.3665138712541 39.90671326592215
116.36231336135316 39.904276038871686
116.35358279175183 39.904149107846514
116.36247694901965 39.906051361224556
116.36095019870578 39.90513994661592
116.36595976003183 39.905137898508684
116.36721484327802 39.90513114545891
116.36458734858027 39.90453616283321
116.3534154837484 39.901586900586096
116.36846871485494 39.90478436112046
116.35307639402383 39.900119393338066
116.36849753218102 39.91305687417985
116.35680539174005 39.911155546112596
116.35743685610336 39.90232982653876
116.36119108202875 39.90335558493141
116.36613232680423 39.91341027401595
116.36481161859487 39.906082173028416
116.36724736154109 39.903431142070815
116.35563541102948 39.902685220669284
116.35472964299599 39.901132614025045
116.36378715169725 39.90369422705581
116.35473807933421 39.902133726756475
116.36524049533784 39.90377419706108
116.35783019820052 39.90094051879875
116.35982648215122 39.90385400995814
116.36328858448138 39.90254454290116
116.35856616188175 39.90267901703566
116.36865426671471 39.9035206293595
116.36211938986811 39.902261537550736
116.35657260488735 39.90031807005297
116.35208873404271 39.901019451434976
116.36438496607138 39.90193410902593
116.35948965207248 39.901071766486915
116.36525538488858 39.90232356973089
116.35586589173035 39.901547678980904
116.36726292508659 39.901883297213494
116.36753957176745 39.90091774444092
116.36565634693882 39.90106698166305
116.36669839452819 39.89966412454603
116.3633144787209 39.90081589884202
116.36492051579228 39.90003171951563
116.36242528862331 39.900153190755404
116.36863335264995 39.90151906526067
116.35510078507023 39.8999130349887
116.3610031286334 39.90068878057476
116.3599743571445 39.90207126731203
116.36356805982456 39.899713473087814
116.35858001099267 39.899967911590515
116.36097718620215 39.89993528723013
116.36799659292824 39.89969754038468
116.35800933893384 39.922462353030336
116.35830933893384 39.920462353030336
116.36829753218102 39.91205687417985
