116.36703549217164 39.920869660044296
116.36646936860532 39.92000726047286
116.36816943039788 39.92194863191875
116.36590057209185 39.92100961664387
116.36598797996139 39.919104583748705
116.36437859569058 39.921509288899735
116.36771101574611 39.91942957915896
116.36638711851518 39.92192805839052
116.36455153280687 39.91883409193559
116.36531811382646 39.92192659988247
116.36419828297089 39.92042111903015
116.36352377416709 39.92238547831235
116.36267703648336 39.92048065347816
116.36797955713189 39.920238078913826
116.36522424078328 39.91984786391192
116.36678855426372 39.91807029400223
116.36266703498202 39.91863058248389
116.368164046247 39.91731870705561
116.36357449470499 39.919278376353844
116.36170462132425 39.91929368644412
116.36307847760892 39.917247194479
116.36618628827878 39.916703144800636
116.3651896242417 39.91756147695774
116.36155434279435 39.922036278837304
116.36034549691713 39.92177357499716
116.36411733639105 39.918209990814404
116.3667674044885 39.91517362152102
116.36194118586488 39.9184964165126
116.3621721373316 39.91543039608669
116.36063344727017 39.919408836467085
116.36160046621131 39.92061768164091
116.35901488906983 39.9205221203527
116.35839211005413 39.92190759710779
116.3607886172218 39.91813160250988
116.36749607121757 39.9161740758771
116.35955697946994 39.91971416250357
116.36184368629327 39.9167768343548
116.35949402659544 39.91772615934709
116.36339771327289 39.916381613963324
116.36032317865096 39.92064234061607
116.35741320234698 39.92024395414177
116.36078894655363 39.917084752540156
116.36496935006645 39.91596120408693
116.35713155699635 39.921628594376266
116.36310894765944 39.914432676904894
116.35614766873144 39.9211164542268
116.36563662344501 39.914657550050606
116.35809650599931 39.917208254624455
116.36392002411367 39.917251375290064
116.36061771162639 39.916111300909364
116.3659783304243 39.91582131625337
116.35835448382488 39.9189257887279
116.35955237741966 39.91661385143507
116.35707811558477 39.91888750727977
116.35734681256436 39.915478203692885
116.35655529425003 39.91704097533916
116.36488754254913 39.913778321185525
116.3597476954181 39.915314230658716
116.36309695798114 39.91299119925452
116.3582340063464 39.91529320026201
116.36395233707569 39.915210971848694
116.36698407470459 39.91334360141661
116.36178646293577 39.91421307528343
116.35577618012428 39.91772191074014
116.35525163310459 39.918838792484834
116.36805097893823 39.91364274277686
116.35606068528634 39.915721663273075
116.3636627568368 39.91195122567274
116.35715843124218 39.914542840658285
116.35457341578865 39.916458418351525
116.35585643151948 39.91346260111361
116.35816386836478 39.91412370794891
116.36703132351047 39.9116527472703
116.36433235416818 39.91119136913547
116.36045038416052 39.91334896352048
116.36582659585503 39.91221138241238
116.36251886763647 39.9112980393679
116.35743264464868 39.912598598819365
116.36014482794971 39.91414580909741
116.35380777015337 39.91936293237456
116.36155828428677 39.91284471965493
116.36606296053525 39.91346546639947
116.3561315296175 39.91939636234322
116.3553469810305 39.9203438854929
116.35926757239054 39.91281433530746
116.36497206313611 39.912445504049046
116.36334846874348 39.90997270616794
116.35918684660008 39.911410857998725
116.36200508257612 39.90903261802876
116.3610618702421 39.91177364059406
116.3553683629235 39.9214384290275
116.35595136923206 39.91441631434059
116.36243259467119 39.91219112903826
116.36538639478128 39.910931632727355
116.36164833461196 39.90757324796968
116.36800462392242 39.911451356252556
116.35411439149111 39.92095212944486
116.3580345172861 39.910586827051276
116.35819966011819 39.91209619984153
116.36807396518279 39.914915066162
116.35397823219273 39.91802287849253
116.35658064633218 39.911499231614044
116.35471393416735 39.91737565131831
116.36783569476306 39.912684863365335
116.35198983200286 39.920781504382916
116.35265360864868 39.921502946792984
116.35479774086386 39.91510387252811
116.35521316130082 39.910956340396915
116.35397663489155 39.90995098242285
116.36169037768452 39.91012270844339
116.35414928382876 39.922414457825035
116.35828699562498 39.916339667302864
116.35997973873634 39.91233840696585
116.3672573707173 39.91055933077403
116.35448006460275 39.91394309458753
116.36005502148002 39.910236399923015
116.35898269138579 39.90888695064782
116.35292134779642 39.917103605120445
116.36277088296289 39.906666189367066
116.36533364973968 39.90893918898737
116.35268705885981 39.91386107733137
116.35289996028486 39.915816974526926
116.3516994962114 39.91648909003858
116.35253368678383 39.91914205987513
116.36702349102765 39.90929176348863
116.36340700383464 39.9088041131434
116.35314696848492 39.92043316077631
116.36405792190023 39.907632691093795
116.35565799408661 39.91244940936313
116.36170028920986 39.90562788867025
116.3544212382461 39.9129537674869
116.3609407712873 39.90905101567518
116.35209430803027 39.917880495045345
116.35384036700958 39.91176174214567
116.36254098521464 39.90789422559216
116.36066125616449 39.905319386150836
116.36595537116469 39.90763015543752
116.35251483276812 39.91161782997795
116.36011515598268 39.9066912958305
116.36485802540254 39.90684844666401
116.35596814845898 39.90979873048976
116.35299876595067 39.91283258827741
116.36028943736683 39.90804362116183
116.36609834104064 39.90980240443192
116.36299095658741 39.905284794166406
116.3645651139685 39.90992811951547
116.3606730780639 39.90414006701493
116.35912110579304 39.90723022494887
116.35214966021026 39.91489859869081
116.35369785959718 39.91506993032322
116.35361779976948 39.91064873323359
116.3590673142461 39.90508970105522
116.36478800005825 39.905672323423595
116.35696238117468 39.9097302595393
116.35227583324357 39.91049773130943
116.36429727249447 39.909041658315765
116.35779556445146 39.90430916924477
116.36601026046797 39.90521484226069
116.36774725946337 39.90842271223758
116.35912209109705 39.91028357152376
116.3520501071797 39.913277487939496
116.36612584397602 39.90671537456696
116.36689889361607 39.90558960335716
116.35419929498651 39.90826568670611
116.3551113329897 39.90918139114386
116.36518853037013 39.90798424258158
116.3532796276726 39.90897427432399
116.36712825100035 39.90683895407372
116.36821965829992 39.90734447057534
116.3579946337667 39.90898911882423
116.35722657241583 39.90787607783189
116.35646083789752 39.90874298287127
116.36545295859051 39.90421386341872
116.35714259370084 39.905054172630244
116.3680372365208 39.905551291258654
116.36444612044168 39.904954859100435
116.35328204336957 39.90714290904696
116.35972669811794 39.90353299414277
116.3675323580599 39.904310210248376
116.35518095060016 39.90558478831746
116.35544869363738 39.907804205329775
116.36204319854454 39.90283413552559
116.36347048419825 39.90404871522998
116.36035198279637 39.90317781273033
116.36432037235902 39.90316541732416
116.36217354183252 39.90462947015927
116.35617382793758 39.90469719412334
116.35867791235371 39.903587226747746
116.3544909501528 39.906803892347426
116.35919191256292 39.90265748209733
116.36652725595151 39.903866713467494
116.35640274552951 39.90667185801099
116.3526918896739 39.90789490752063
116.35175098447182 39.90890888230651
116.35307682463063 39.90597466156987
116.35600891064333 39.90345008209455
116.35428321493009 39.904767596626556
116.35210000619023 39.904807578365514
116.36403839816967 39.90594981253383
116.36571890812284 39.90272153414391
116.36794826373338 39.90285761166512
116.36257948832323 39.90194284329746
116.36461699743329 39.90187705057607
116.36712981540784 39.90148465937898
116.3620850256525 39.90087549690959
116.35813302015173 39.90638585540704
116.36363233678757 39.90108475526082
116.36356796225259 39.90246760018165
116.35205565178772 39.90648362409476
116.36103412451992 39.90186047393836
116.3627090099142 39.89983426400734
116.36701725170072 39.899791646835
116.36509063065702 39.900616515208306
116.35474168387094 39.903450337633075
116.35338665983593 39.90366415498535
116.35714575975331 39.90376304327642
116.35996947219495 39.90171306319346
116.35251335658795 39.903531038727245
116.36056224726916 39.90022019265762
116.36558119715897 39.90177251241279
116.35425303468683 39.90181265511404
116.35904000515367 39.900915250121464
116.35761372710209 39.90247709470144
116.35289434216627 39.90255177562281
116.36796397381652 39.90102487937285
116.35624962042955 39.901417268512375
116.36638917115042 39.90051433437229
116.353186756864 39.90101343123378
116.35509674092692 39.90247991364442
116.35501120221795 39.900606571123554
116.35401339913625 39.89985120256591
116.35833374864887 39.90157502969534
116.3519917278782 39.90030557660035
116.35652540313471 39.90248897600681
116.35332456185174 39.90496374731158
116.35196475151646 39.90148152894406
116.35767112511193 39.90110189709051
116.35720419718938 39.899817072338855
116.36443453628624 39.899950342660226
116.35552511508544 39.89984718519558
116.36809082028861 39.90010424532917
116.35856636867656 39.89977233917373
116.35961291046316 39.899791055732706