116.3673116314062 39.910486306518855
116.36600701541822 39.91032012574129
116.36779056067395 39.911616707304724
116.36656840992626 39.91166406791512
116.36488872786059 39.90910640850912
116.36544786355873 39.911896618887326
116.36800738245392 39.90913899214913
116.36616441373877 39.909272285109736
116.3660613568239 39.9130626985519
116.36743212156726 39.90777009027946
116.3677682763743 39.90680934761546
116.36603168497481 39.90773403814343
116.36497755033925 39.910879242807574
116.36727343651383 39.912683696142594
116.36649707034954 39.91451177839464
116.36474478521401 39.91488150268939
116.36392481053977 39.90945944188819
116.36480321755064 39.91310941904255
116.36342548503342 39.91288644781177
116.36787456978769 39.914571595521444
116.3636820143915 39.911563034682786
116.36229206608617 39.910206039496856
116.3674832635295 39.91591356091516
116.36652703966878 39.90683277437993
116.36371889405645 39.907811355755
116.36195596143067 39.91194919950648
116.36418272159133 39.91392215681977
116.36342302633484 39.910537458382464
116.36138048621363 39.91098651944948
116.36554626169054 39.914111304229564
116.36669033756246 39.905395639397305
116.3637503346759 39.91525987386094
116.36454337442844 39.91672800178924
116.36238257246596 39.914011478679186
116.3660877112551 39.91552038485894
116.3645938831082 39.90628700141152
116.36190729706624 39.912991850104916
116.36611072276223 39.91723877664611
116.36283552564137 39.90902713086188
116.36671083843476 39.91816581863655
116.3633497043142 39.91655245776456
116.3678768755591 39.917808476393084
116.36742584201596 39.9136751218734
116.36485601552603 39.90785473648863
116.36718246470288 39.91700372516317
116.36536686051362 39.90695304678385
116.36057243179393 39.913040110123305
116.35984446072047 39.90998029547565
116.36775781129604 39.905164960483035
116.36135828980058 39.90984082728029
116.36698575547437 39.90866607784762
116.36559467610802 39.918951901129816
116.36696968399882 39.920201333075994
116.3671684340819 39.9040258328816
116.36725933140653 39.91916273530151
116.36617588615758 39.90445454514835
116.36136492859578 39.91463898847085
116.36513737110721 39.91589872511381
116.36795245125191 39.920766955389084
116.36082814075516 39.91206472892327
116.36272242613884 39.915464167152926
116.36004580915404 39.914213026897286
116.36112065982024 39.91568172740982
116.3603489816205 39.91116419705205
116.36557773472565 39.90526958601755
116.35906304572823 39.90894074063662
116.367300632089 39.902879449070404
116.35890798324228 39.91079725731789
116.36445121713069 39.919711685154255
116.36129311434215 39.917297210758754
116.36411084290697 39.904362658559045
116.36280190128542 39.90715733622058
116.35746316522163 39.90991282257914
116.3650538598535 39.903850362050115
116.35766063436179 39.911096222022636
116.36320423995132 39.90384425191464
116.35897524160792 39.91455845991197
116.3560897906409 39.91213548606676
116.36623853631559 39.9034390951238
116.36332606524196 39.905628022713294
116.36810942996274 39.901445497777004
116.3651272582347 39.902227827736716
116.36182822510202 39.908001003817766
116.3603965802149 39.907438995539145
116.36233828280386 39.90512283300274
116.36711821281709 39.901853722529395
116.35818203079144 39.908402549132326
116.36484601345451 39.91786510708054
116.36376197110883 39.91784062905381
116.36137943472987 39.91906990892461
116.35587146083647 39.90885717511672
116.36112525977046 39.9087667635573
116.36334471888655 39.90257759240781
116.36314887399112 39.9189769156312
116.35804383591037 39.90739290590945
116.35878700632207 39.91343525508753
116.3592586913552 39.90741734018184
116.36141756512522 39.92043029128394
116.36122444693117 39.906235127045974
116.36695033210914 39.92142484532279
116.35947823352272 39.92078132661155
116.35715398820676 39.908875054045716
116.3626353591864 39.917934904910666
116.36335206505436 39.92051747456954
116.36009369992028 39.90857229255123
116.36431430789892 39.903121647971474
116.3594547481838 39.91179721398582
116.35474382758814 39.91140722418724
116.35964125317315 39.91590702629235
116.35867821324408 39.91561371541187
116.35642884566495 39.913748632288176
116.36588355996406 39.92110673456332
116.35499096480005 39.90954121723588
116.36356863999922 39.92150405527263
116.36425596562742 39.90142270700076
116.35733316943193 39.912293510282026
116.35576922282041 39.91111999884798
116.36014132210909 39.91768055883712
116.35910724979807 39.91718533953795
116.35711889309768 39.91455753234877
116.36216063285319 39.904001908762304
116.3595880192819 39.90595094168706
116.3623750544786 39.900895164217154
116.35562322450232 39.91312772217131
116.36472413460379 39.92114675181816
116.36208614658004 39.91658767487265
116.3563370624359 39.91022410504669
116.36216479368211 39.90203630762575
116.35542168736109 39.91546796224275
116.35774814755545 39.913534212528646
116.3623597093156 39.90617456290837
116.35530277323339 39.90771102254191
116.35830374596821 39.91202595230002
116.35936188834384 39.91852955313403
116.35504603156117 39.91435883277247
116.35548718823533 39.91679733551831
116.36115380488201 39.902215172339595
116.35662858208293 39.916305477039366
116.3601990053609 39.921841056765125
116.35818925843459 39.906030481180615
116.36614977963968 39.90121295898534
116.35744579912087 39.91551732562874
116.35800361422973 39.91720521599369
116.36225327752824 39.91985735786526
116.35400696169938 39.91325007726145
116.3563848749202 39.90764670751392
116.36222749390764 39.92184271282249
116.35657272413772 39.90621185181126
116.35425973285385 39.91795587066508
116.36124101067976 39.9216562052614
116.3658230499941 39.92009408185366
116.35417641443526 39.91628938311015
116.35476529556648 39.912524491138036
116.36026100603429 39.92007113663743
116.35499618517674 39.90668827374146
116.35824074241786 39.91990782869338
116.35402430176836 39.914893838820056
116.3580806527774 39.91858939948467
116.35884531663045 39.921757954715595
116.35706455843827 39.91812569961664
116.35911898127081 39.904545331132105
116.36026133110924 39.90471769747648
116.35408706369485 39.910201391147815
116.35426060369589 39.90802705782128
116.36023376637075 39.91905877962397
116.35727536412722 39.905066740030485
116.36083034467475 39.901232549168846
116.35355605485883 39.90892687871552
116.35698314634455 39.904066699419076
116.36118621571859 39.90353393870396
116.35257341995329 39.91242568662365
116.36131483222438 39.90457353014248
116.35797751478985 39.90313675227716
116.35216702985744 39.90856536438827
116.35518637304997 39.91876476753248
116.35914915515092 39.90151198190599
116.3529431417765 39.91108486045496
116.3527814858658 39.91412910106152
116.35895921331846 39.9035226281958
116.35603790623982 39.902344234132684
116.35647551522231 39.919144196619435
116.35559608634492 39.9050912077402
116.35313497980594 39.916247223746865
116.35726316184964 39.92129052649501
116.36027692427864 39.90290855310269
116.35302365225208 39.90796996936909
116.3538967041321 39.919679153104745
116.35202231537356 39.90960158272163
116.35611585296421 39.914736486338256
116.3576595466486 39.902183807852104
116.35584763059849 39.9215428716523
116.35326419660731 39.917391960248764
116.35348749216568 39.91198010098126
116.3572055375408 39.9201077195092
116.35272787823502 39.92127319020375
116.35780208934995 39.90114595257203
116.35531988839925 39.92064029033366
116.35298286723776 39.9069497903479
116.35225269381608 39.91781649317353
116.35664455053603 39.901413046040005
116.35894481068883 39.902516293392296
116.36799312525888 39.921863808607405
116.35338177699218 39.9187987486294
116.35425844998304 39.92138884117256
116.35613804337457 39.91773924928589
116.35472013128391 39.903537451525274
116.3558121676767 39.90348279922223
116.35267313082808 39.91957756620904
116.3528091439669 39.90498732605586
116.35465768446115 39.90456625022123
116.35547491611251 39.90137976583211
116.35464134306027 39.90214628898321
116.35392517314078 39.905925579732425
116.35190014972497 39.91140765550342
116.35392082801296 39.90119001622208
116.35186656371049 39.916265360536755
116.35292015602326 39.91525484490336
116.35186419081715 39.91521415623535
116.35331544450861 39.902736530106374
116.35226267033325 39.901757581449125
116.35201478520077 39.906555490108765
116.35799529606965 39.90423872521788
116.35353388530649 39.90379534052233
116.35251183375732 39.90075234418983
116.35218871715627 39.9031240569255
116.35398106038656 39.907011379012474
116.35194169185347 39.91882798394787
116.35189749573762 39.92029315017918