116.3545601002335 39.90132612900493
116.3553143054338 39.903343892194606
116.35504862445427 39.90010380059103
116.35364185794116 39.90050156031099
116.35617999172365 39.9013159922089
116.35327927500003 39.90354784380688
116.35264635781446 39.90149846260259
116.35435991605732 39.90465369431709
116.35399543360411 39.90253074118971
116.35187735774387 39.89989488597461
116.35626176795323 39.900001619446996
116.35837825082308 39.90153726418135
116.3519910715274 39.903289083555066
116.35787294454688 39.89984723005462
116.35461735845516 39.90598141255356
116.35221724458034 39.90507525894236
116.356461894878 39.904568018222506
116.35841964965971 39.903516281780526
116.3523042936926 39.906385700166304
116.35346178511648 39.90561478177104
116.35465252600551 39.90741877411377
116.356551884161 39.90300780482295
116.35917387187278 39.90041673530802
116.35974578412005 39.90370455898289
116.35777089387102 39.90501338362635
116.35577104261675 39.90828713922245
116.35631741709804 39.90658870337236
116.3540422251909 39.90952982319165
116.35343107865937 39.908017902616606
116.35738002720488 39.90930982115491
116.35894578944789 39.90476047578504
116.361312332494 39.90105898594385
116.3594844774497 39.90249104239835
116.36063953411195 39.90540145879375
116.361708859591 39.90259436071338
116.36342396232888 39.90261770863783
116.35202769463129 39.909060204909835
116.35793649106435 39.907049835230644
116.35953420642373 39.90657120578092
116.36280822713022 39.90081704385728
116.3594324803962 39.9084667619299
116.35580654465329 39.90952001093538
116.36218521025721 39.904381141646844
116.36091542162889 39.904047699487876
116.35495056080052 39.910712132622564
116.35277544347824 39.910224500465894
116.362160109891 39.90694121747657
116.3564230227025 39.91140122265268
116.36372193622888 39.90386848088702
116.36474911255333 39.90321483254901
116.36558235054461 39.9052905499889
116.36458796252711 39.90111531747303
116.3529478513553 39.91155095928824
116.35552438886063 39.91308228038018
116.36210922127475 39.905599146779565
116.35195488391587 39.90761683189573
116.36055701685956 39.907807579234344
116.35347272876746 39.913000047312146
116.35775192924997 39.91106639419457
116.3598657010847 39.91216942656894
116.35426552493581 39.911885395143536
116.36170215314594 39.89975809341644
116.35829497363183 39.912608064202594
116.36404808622484 39.90614293804764
116.36239436266972 39.9083472504555
116.3612052727294 39.909056087723435
116.35579509589945 39.9147518995811
116.3604403185915 39.9104878916896
116.3575304911539 39.91379915615411
116.36128314771848 39.91195133351633
116.3653424337001 39.90214513420298
116.3639326809212 39.90743639105934
116.35232319015049 39.912601408022006
116.35733188403637 39.90811026251842
116.36557706890014 39.907025672412495
116.35244451366474 39.91420424985478
116.36739355711593 39.90102962542777
116.3582656315602 39.9155719248842
116.35861319972975 39.90999208396748
116.35876816190527 39.91373231395325
116.35447184376555 39.91472827837662
116.35575281899536 39.91605272784105
116.36681372835478 39.90593402222789
116.36644480105426 39.903688236941456
116.3604210963438 39.91324911348896
116.36013706331727 39.91523985638837
116.36769860025464 39.90679067447679
116.35349844020023 39.91582700716113
116.3632864185836 39.905168918410666
116.36720616008074 39.90815192052316
116.3532200299396 39.91718906351844
116.36751616080294 39.9044787493873
116.36244943655655 39.90997374559259
116.36520804700757 39.90880977986605
116.3676362664925 39.9022775664004
116.36603010908816 39.90041377423166
116.36695832641182 39.909455019324454
116.36495684543019 39.89982010532022
116.3577529636025 39.91675220009737
116.35981770485823 39.91641576463089
116.35833527815619 39.91796583950578
116.3646081173476 39.910482351506715
116.36768130024699 39.89982966377732
116.36146703388438 39.91432390962935
116.35556643334172 39.91753174140351
116.36292658341489 39.91204084308654
116.36228381578817 39.916010375949654
116.35211206122472 39.9154186829731
116.36364858221495 39.90974469138265
116.35426661465004 39.918083454792566
116.3624940158454 39.913584795124024
116.36346741915631 39.914819714462475
116.36459432060886 39.91360050648773
116.35308785764879 39.91957417461968
116.35696368095824 39.91523669709087
116.36486138801828 39.9116686931803
116.35219054266489 39.9180784944945
116.36103035293084 39.91784716980991
116.35967131328525 39.91830935569965
116.36103827002924 39.91649111463122
116.36343671859206 39.91648286261779
116.36062658811684 39.919380924354094
116.36531213372994 39.91754641679827
116.35724469975469 39.918540390698574
116.3659339369016 39.910500936549504
116.35741467934817 39.92018841918884
116.36633611821439 39.912047354136824
116.36790640349157 39.91075410933987
116.36752240157776 39.91275590844463
116.35923346252153 39.91981040140369
116.36377920968944 39.918146742514686
116.36462437338687 39.91520717209283
116.35598019109797 39.91879870784037
116.36120788670345 39.92068265768469
116.36568669188888 39.91447923137058
116.35468770619845 39.919575305161494
116.35531763056093 39.92063461873073
116.36235328433695 39.91832019306049
116.35904396218822 39.911209572630895
116.36656069014843 39.91351075056938
116.35776052786363 39.92149255116742
116.36740241229894 39.914642166621185
116.35323503452624 39.92076782826302
116.35973227804713 39.92100324478265
116.36194975625253 39.91972197418394
116.3569686584548 39.912579065682856
116.36764224314481 39.916788042741224
116.3541480426009 39.921712989877214
116.36667210412968 39.91583401297385
116.36350333535461 39.910983502559766
116.36772278576714 39.918801262134544
116.36579321815721 39.919131043975426
116.3674921772515 39.92070379811729
116.36417642266414 39.920342042712974
116.3631294239327 39.921687001368696
116.36602312336609 39.921646526647116
116.35451799907614 39.916884451566204
116.36547087888516 39.91614345076007
116.35206600584011 39.92021187110182
116.35655591267252 39.92105281459664
116.36690052236254 39.91781963787662
116.36449632303527 39.919116336769314
116.36542142482938 39.92054235606652
116.36315723900273 39.919587554751224